{
 "cells": [
  {
   "cell_type": "code",
   "execution_count": 1711,
   "id": "07b42944",
   "metadata": {},
   "outputs": [],
   "source": [
    "import numpy as np\n",
    "import pandas as pd\n",
    "import matplotlib.pyplot as plt\n",
    "\n",
    "from sklearn.datasets import load_iris, make_blobs\n",
    "from sklearn.model_selection import train_test_split\n",
    "from sklearn.model_selection import KFold\n",
    "\n",
    "import importlib\n",
    "import clustering\n",
    "\n",
    "importlib.reload(clustering);"
   ]
  },
  {
   "cell_type": "code",
   "execution_count": 1712,
   "id": "91d954e3",
   "metadata": {},
   "outputs": [],
   "source": [
    "X, y = make_blobs(n_samples=200, n_features=2, centers=3, random_state=2021, cluster_std=2)"
   ]
  },
  {
   "cell_type": "code",
   "execution_count": 1713,
   "id": "069cdfc2",
   "metadata": {},
   "outputs": [],
   "source": [
    "gmm = clustering.GuassianMixturesModel()"
   ]
  },
  {
   "cell_type": "code",
   "execution_count": 1714,
   "id": "b03ef052",
   "metadata": {},
   "outputs": [],
   "source": [
    "gmm._GuassianMixturesModel__init_alg(X, 3, 15, clustering.DistMeasures.euclidean)"
   ]
  },
  {
   "cell_type": "code",
   "execution_count": 1715,
   "id": "5dc1e7ff",
   "metadata": {},
   "outputs": [
    {
     "name": "stdout",
     "output_type": "stream",
     "text": [
      "[0.4223188 0.1553624 0.4223188]\n",
      "[[0.33332391 0.33332391 0.33335218]\n",
      " [0.33333322 0.33333356 0.33333322]\n",
      " [0.33312925 0.3337415  0.33312925]\n",
      " [0.3330629  0.33387421 0.3330629 ]\n",
      " [0.33333237 0.33333237 0.33333526]\n",
      " [0.34639399 0.32680301 0.32680301]\n",
      " [0.33062842 0.33874316 0.33062842]\n",
      " [0.33261766 0.33476468 0.33261766]\n",
      " [0.33329248 0.33329248 0.33341503]\n",
      " [0.32923513 0.32923513 0.34152974]\n",
      " [0.33157273 0.33685454 0.33157273]\n",
      " [0.33099322 0.33801356 0.33099322]\n",
      " [0.32872724 0.32872724 0.34254552]\n",
      " [0.34453582 0.32773209 0.32773209]\n",
      " [0.33328608 0.33342785 0.33328608]\n",
      " [0.33301865 0.33396271 0.33301865]\n",
      " [0.33255461 0.33255461 0.33489079]\n",
      " [0.32961934 0.32961934 0.34076131]\n",
      " [0.33880974 0.33059513 0.33059513]\n",
      " [0.34617993 0.32691004 0.32691004]\n",
      " [0.33084232 0.33831537 0.33084232]\n",
      " [0.33290762 0.33418477 0.33290762]\n",
      " [0.3324481  0.3324481  0.3351038 ]\n",
      " [0.3333334  0.3333333  0.3333333 ]\n",
      " [0.33331505 0.33331505 0.3333699 ]\n",
      " [0.33300241 0.33399518 0.33300241]\n",
      " [0.33399694 0.33300153 0.33300153]\n",
      " [0.33331902 0.33336196 0.33331902]\n",
      " [0.33332075 0.33335851 0.33332075]\n",
      " [0.33277477 0.33277477 0.33445045]\n",
      " [0.3333333  0.3333334  0.3333333 ]\n",
      " [0.33263813 0.33263813 0.33472375]\n",
      " [0.3333377  0.33333115 0.33333115]\n",
      " [0.33333138 0.33333724 0.33333138]\n",
      " [0.33351446 0.33324277 0.33324277]\n",
      " [0.32930551 0.32930551 0.34138898]\n",
      " [0.3314099  0.3314099  0.33718019]\n",
      " [0.33551421 0.33224289 0.33224289]\n",
      " [0.33330271 0.33339458 0.33330271]\n",
      " [0.33322603 0.33322603 0.33354794]\n",
      " [0.33332313 0.33335374 0.33332313]\n",
      " [0.33327301 0.33345398 0.33327301]\n",
      " [0.33332408 0.33332408 0.33335184]\n",
      " [0.3359035  0.33204825 0.33204825]\n",
      " [0.33327126 0.33345748 0.33327126]\n",
      " [0.33333333 0.33333333 0.33333333]\n",
      " [0.33484967 0.33257516 0.33257516]\n",
      " [0.33497547 0.33251226 0.33251226]\n",
      " [0.33330715 0.33330715 0.3333857 ]\n",
      " [0.32993797 0.32993797 0.34012407]\n",
      " [0.33331276 0.33331276 0.33337449]\n",
      " [0.32962124 0.32962124 0.34075753]\n",
      " [0.33510058 0.33244971 0.33244971]\n",
      " [0.33333311 0.33333311 0.33333378]\n",
      " [0.33067663 0.33864674 0.33067663]\n",
      " [0.33869563 0.33065218 0.33065218]\n",
      " [0.33425971 0.33287014 0.33287014]\n",
      " [0.33825648 0.33087176 0.33087176]\n",
      " [0.33608077 0.33195962 0.33195962]\n",
      " [0.33332339 0.33332339 0.33335321]\n",
      " [0.34708796 0.32645602 0.32645602]\n",
      " [0.33668143 0.33165929 0.33165929]\n",
      " [0.32631801 0.32631801 0.34736399]\n",
      " [0.33283458 0.33283458 0.33433084]\n",
      " [0.33333174 0.33333651 0.33333174]\n",
      " [0.32774537 0.32774537 0.34450926]\n",
      " [0.33333241 0.33333241 0.33333518]\n",
      " [0.33330449 0.33339102 0.33330449]\n",
      " [0.32953497 0.32953497 0.34093005]\n",
      " [0.3333202  0.33335959 0.3333202 ]\n",
      " [0.34186635 0.32906683 0.32906683]\n",
      " [0.33297517 0.33404965 0.33297517]\n",
      " [0.33230452 0.33539096 0.33230452]\n",
      " [0.33703178 0.33148411 0.33148411]\n",
      " [0.33330116 0.33339768 0.33330116]\n",
      " [0.3334011  0.33329945 0.33329945]\n",
      " [0.33333301 0.33333398 0.33333301]\n",
      " [0.33329947 0.33340106 0.33329947]\n",
      " [0.33238923 0.33238923 0.33522154]\n",
      " [0.3329455  0.334109   0.3329455 ]\n",
      " [0.33330499 0.33339002 0.33330499]\n",
      " [0.3337864  0.3331068  0.3331068 ]\n",
      " [0.33366463 0.33316768 0.33316768]\n",
      " [0.33336668 0.33331666 0.33331666]\n",
      " [0.3310177  0.33796459 0.3310177 ]\n",
      " [0.33332835 0.33334329 0.33332835]\n",
      " [0.33743883 0.33128058 0.33128058]\n",
      " [0.33085723 0.33828555 0.33085723]\n",
      " [0.33322483 0.33322483 0.33355034]\n",
      " [0.33443869 0.33278066 0.33278066]\n",
      " [0.34584924 0.32707538 0.32707538]\n",
      " [0.33338723 0.33330639 0.33330639]\n",
      " [0.33333245 0.3333351  0.33333245]\n",
      " [0.333334   0.333333   0.333333  ]\n",
      " [0.33150563 0.33698873 0.33150563]\n",
      " [0.33334967 0.33332517 0.33332517]\n",
      " [0.3333544  0.3333228  0.3333228 ]\n",
      " [0.34717979 0.3264101  0.3264101 ]\n",
      " [0.33333317 0.33333366 0.33333317]\n",
      " [0.3332324  0.3335352  0.3332324 ]\n",
      " [0.33305724 0.33388553 0.33305724]\n",
      " [0.32958712 0.32958712 0.34082576]\n",
      " [0.33332035 0.33332035 0.3333593 ]\n",
      " [0.33387323 0.33306339 0.33306339]\n",
      " [0.33329771 0.33329771 0.33340458]\n",
      " [0.33310394 0.33310394 0.33379213]\n",
      " [0.33329055 0.33329055 0.33341891]\n",
      " [0.33498806 0.33250597 0.33250597]\n",
      " [0.3344327  0.33278365 0.33278365]\n",
      " [0.34234228 0.32882886 0.32882886]\n",
      " [0.33266767 0.33266767 0.33466466]\n",
      " [0.33296503 0.33406995 0.33296503]\n",
      " [0.34033982 0.32983009 0.32983009]\n",
      " [0.32974083 0.32974083 0.34051834]\n",
      " [0.33334826 0.33332587 0.33332587]\n",
      " [0.33334814 0.33332593 0.33332593]\n",
      " [0.33110347 0.33779306 0.33110347]\n",
      " [0.33281558 0.33436883 0.33281558]\n",
      " [0.33313352 0.33313352 0.33373296]\n",
      " [0.32997757 0.32997757 0.34004485]\n",
      " [0.33361424 0.33319288 0.33319288]\n",
      " [0.3333169  0.3333662  0.3333169 ]\n",
      " [0.33326645 0.3334671  0.33326645]\n",
      " [0.33056169 0.33056169 0.33887661]\n",
      " [0.33907094 0.33046453 0.33046453]\n",
      " [0.33190019 0.33190019 0.33619963]\n",
      " [0.33332302 0.33332302 0.33335396]\n",
      " [0.33276928 0.33446144 0.33276928]\n",
      " [0.33318182 0.33363636 0.33318182]\n",
      " [0.33322335 0.33355329 0.33322335]\n",
      " [0.33331072 0.33331072 0.33337855]\n",
      " [0.33324979 0.33350043 0.33324979]\n",
      " [0.33308002 0.33308002 0.33383997]\n",
      " [0.33329645 0.33340711 0.33329645]\n",
      " [0.33233183 0.33533633 0.33233183]\n",
      " [0.33295887 0.33408227 0.33295887]\n",
      " [0.33052054 0.33052054 0.33895892]\n",
      " [0.33330641 0.33330641 0.33338718]\n",
      " [0.33532683 0.33233659 0.33233659]\n",
      " [0.33333792 0.33333104 0.33333104]\n",
      " [0.33125958 0.33125958 0.33748084]\n",
      " [0.33332062 0.33335877 0.33332062]\n",
      " [0.33333333 0.33333333 0.33333333]\n",
      " [0.3355927  0.33220365 0.33220365]\n",
      " [0.33296346 0.33407309 0.33296346]\n",
      " [0.3333064  0.33338721 0.3333064 ]\n",
      " [0.33668206 0.33165897 0.33165897]\n",
      " [0.33057688 0.33884624 0.33057688]\n",
      " [0.33207729 0.33207729 0.33584542]\n",
      " [0.33315139 0.33315139 0.33369723]\n",
      " [0.33191068 0.33617864 0.33191068]\n",
      " [0.3441085  0.32794575 0.32794575]\n",
      " [0.33333441 0.3333328  0.3333328 ]\n",
      " [0.33333333 0.33333333 0.33333333]\n",
      " [0.33333333 0.33333333 0.33333334]\n",
      " [0.33333473 0.33333264 0.33333264]\n",
      " [0.33314876 0.33370247 0.33314876]\n",
      " [0.33333333 0.33333333 0.33333334]\n",
      " [0.33148543 0.33702915 0.33148543]\n",
      " [0.33333247 0.33333506 0.33333247]\n",
      " [0.33216065 0.33216065 0.33567871]\n",
      " [0.33346653 0.33326673 0.33326673]\n",
      " [0.33330084 0.33330084 0.33339832]\n",
      " [0.32919924 0.32919924 0.34160152]\n",
      " [0.33316313 0.33316313 0.33367374]\n",
      " [0.33271206 0.33457588 0.33271206]\n",
      " [0.33414597 0.33292701 0.33292701]\n",
      " [0.33321533 0.33321533 0.33356934]\n",
      " [0.33332256 0.33332256 0.33335489]\n",
      " [0.33183957 0.33183957 0.33632086]\n",
      " [0.34616085 0.32691957 0.32691957]\n",
      " [0.33292569 0.33414861 0.33292569]\n",
      " [0.3336654  0.3331673  0.3331673 ]\n",
      " [0.33206407 0.33206407 0.33587186]\n",
      " [0.33260368 0.33260368 0.33479265]\n",
      " [0.32998606 0.32998606 0.34002787]\n",
      " [0.33340031 0.33329984 0.33329984]\n",
      " [0.33289135 0.33421731 0.33289135]\n",
      " [0.33333333 0.33333333 0.33333333]\n",
      " [0.32949957 0.32949957 0.34100086]\n",
      " [0.33329538 0.33329538 0.33340924]\n",
      " [0.3323749  0.3323749  0.33525019]\n",
      " [0.3334177  0.33329115 0.33329115]\n",
      " [0.33315823 0.33315823 0.33368353]\n",
      " [0.3333333  0.3333333  0.33333339]\n",
      " [0.33811364 0.33094318 0.33094318]\n",
      " [0.33334748 0.33332626 0.33332626]\n",
      " [0.33480912 0.33259544 0.33259544]\n",
      " [0.33518893 0.33240553 0.33240553]\n",
      " [0.33685802 0.33157099 0.33157099]\n",
      " [0.33372045 0.33313977 0.33313977]\n",
      " [0.33332621 0.33334758 0.33332621]\n",
      " [0.33332622 0.33334755 0.33332622]\n",
      " [0.34739424 0.32630288 0.32630288]\n",
      " [0.33344427 0.33327786 0.33327786]\n",
      " [0.33301532 0.33396936 0.33301532]\n",
      " [0.33758149 0.33120925 0.33120925]\n",
      " [0.33297729 0.33297729 0.33404542]\n",
      " [0.32608283 0.32608283 0.34783433]\n",
      " [0.33601614 0.33199193 0.33199193]]\n",
      "[array([[311.81527179, -53.21268271],\n",
      "       [-53.21268271, 180.78817378]]), array([[312.66198837, -53.61878929],\n",
      "       [-53.61878929, 180.46587221]]), array([[312.96170792, -53.16693797],\n",
      "       [-53.16693797, 180.08980813]])]\n",
      "centers [[ 2.41205397  5.08930385]\n",
      " [ 9.93391545 -7.62095816]\n",
      " [-7.3781885  -3.61224795]]\n",
      "pi [0.3337752  0.33268423 0.33354056]\n",
      "[[0.33333063 0.33332426 0.33334511]\n",
      " [0.33331715 0.33335554 0.33332731]\n",
      " [0.33331988 0.3333544  0.33332572]\n",
      " [0.33332143 0.33335117 0.3333274 ]\n",
      " [0.3333343  0.33331931 0.33334639]\n",
      " [0.33335139 0.33332424 0.33332436]\n",
      " [0.33332385 0.33335282 0.33332334]\n",
      " [0.33332472 0.3333541  0.33332118]\n",
      " [0.33333021 0.33331892 0.33335087]\n",
      " [0.33332397 0.33332197 0.33335405]\n",
      " [0.33332366 0.33335143 0.33332491]\n",
      " [0.33332448 0.33335297 0.33332255]\n",
      " [0.33332598 0.33332316 0.33335086]\n",
      " [0.33335388 0.3333234  0.33332272]\n",
      " [0.33332092 0.33335035 0.33332873]\n",
      " [0.3333204  0.33335474 0.33332486]\n",
      " [0.33332861 0.33332062 0.33335076]\n",
      " [0.33332218 0.33332333 0.33335449]\n",
      " [0.33335516 0.33332223 0.3333226 ]\n",
      " [0.33335363 0.33332319 0.33332318]\n",
      " [0.33332417 0.33335301 0.33332282]\n",
      " [0.33332296 0.33335038 0.33332666]\n",
      " [0.33332434 0.33332076 0.3333549 ]\n",
      " [0.33335847 0.33331855 0.33332297]\n",
      " [0.33331853 0.3333252  0.33335627]\n",
      " [0.33332278 0.33335029 0.33332693]\n",
      " [0.3333495  0.33332189 0.33332862]\n",
      " [0.33332244 0.3333486  0.33332897]\n",
      " [0.33332712 0.3333468  0.33332607]\n",
      " [0.333324   0.33332648 0.33334953]\n",
      " [0.33331662 0.3333528  0.33333058]\n",
      " [0.33332337 0.33332111 0.33335552]\n",
      " [0.33334858 0.3333305  0.33332092]\n",
      " [0.33332282 0.33335697 0.33332021]\n",
      " [0.33335112 0.33332034 0.33332854]\n",
      " [0.33332253 0.33332301 0.33335446]\n",
      " [0.33332441 0.33332537 0.33335022]\n",
      " [0.33335443 0.33332078 0.33332478]\n",
      " [0.3333241  0.33335578 0.33332012]\n",
      " [0.33331968 0.33332385 0.33335647]\n",
      " [0.33332174 0.33335682 0.33332144]\n",
      " [0.33331966 0.33335556 0.33332478]\n",
      " [0.33332909 0.3333182  0.33335271]\n",
      " [0.33335345 0.33332542 0.33332112]\n",
      " [0.33332865 0.3333522  0.33331914]\n",
      " [0.33334896 0.33331759 0.33333345]\n",
      " [0.3333563  0.33332162 0.33332208]\n",
      " [0.33335417 0.3333206  0.33332523]\n",
      " [0.33332477 0.33332784 0.33334739]\n",
      " [0.33332247 0.33332285 0.33335468]\n",
      " [0.33332022 0.33332896 0.33335082]\n",
      " [0.33332506 0.33332151 0.33335343]\n",
      " [0.33335076 0.33332694 0.3333223 ]\n",
      " [0.33333047 0.33331719 0.33335234]\n",
      " [0.33332348 0.33335266 0.33332386]\n",
      " [0.33335189 0.333322   0.33332611]\n",
      " [0.33335279 0.33332645 0.33332077]\n",
      " [0.33335003 0.33332603 0.33332395]\n",
      " [0.33335254 0.33332122 0.33332623]\n",
      " [0.33331846 0.33332495 0.3333566 ]\n",
      " [0.3333533  0.33332303 0.33332367]\n",
      " [0.33334866 0.33332576 0.33332559]\n",
      " [0.33332491 0.33332305 0.33335204]\n",
      " [0.33332919 0.33332051 0.3333503 ]\n",
      " [0.3333199  0.33335726 0.33332284]\n",
      " [0.33332563 0.33332307 0.3333513 ]\n",
      " [0.33332913 0.33331759 0.33335328]\n",
      " [0.33333086 0.33334821 0.33332093]\n",
      " [0.3333267  0.33332219 0.33335111]\n",
      " [0.33331957 0.33335639 0.33332403]\n",
      " [0.33335419 0.33332362 0.33332219]\n",
      " [0.33332124 0.33335524 0.33332352]\n",
      " [0.33332511 0.33335025 0.33332463]\n",
      " [0.33335044 0.33332638 0.33332317]\n",
      " [0.33331875 0.33335412 0.33332712]\n",
      " [0.33334622 0.33332924 0.33332454]\n",
      " [0.33333029 0.33334466 0.33332505]\n",
      " [0.33332066 0.33335038 0.33332897]\n",
      " [0.33332833 0.33332067 0.33335099]\n",
      " [0.33332581 0.33335376 0.33332042]\n",
      " [0.33332824 0.33335298 0.33331878]\n",
      " [0.33335205 0.33332721 0.33332074]\n",
      " [0.33334598 0.33332577 0.33332825]\n",
      " [0.33335805 0.33332136 0.33332059]\n",
      " [0.33332528 0.33335188 0.33332285]\n",
      " [0.33333181 0.33334676 0.33332143]\n",
      " [0.33335406 0.33332125 0.3333247 ]\n",
      " [0.33332436 0.33335179 0.33332384]\n",
      " [0.33332451 0.33331987 0.33335562]\n",
      " [0.33335529 0.33332432 0.33332038]\n",
      " [0.33335312 0.33332266 0.33332422]\n",
      " [0.33335781 0.33332193 0.33332026]\n",
      " [0.33332849 0.33335382 0.3333177 ]\n",
      " [0.33335333 0.33331805 0.33332862]\n",
      " [0.33332257 0.33335378 0.33332365]\n",
      " [0.33335732 0.33332365 0.33331903]\n",
      " [0.33335469 0.33331882 0.33332649]\n",
      " [0.33335197 0.33332425 0.33332378]\n",
      " [0.33333299 0.33334974 0.33331727]\n",
      " [0.33331968 0.33335259 0.33332773]\n",
      " [0.33332142 0.3333512  0.33332738]\n",
      " [0.33332597 0.33332149 0.33335253]\n",
      " [0.33333247 0.33332138 0.33334615]\n",
      " [0.3333506  0.33332773 0.33332168]\n",
      " [0.33332682 0.33332656 0.33334663]\n",
      " [0.33332252 0.33332117 0.33335631]\n",
      " [0.33331955 0.33332828 0.33335217]\n",
      " [0.33334775 0.33332622 0.33332603]\n",
      " [0.33334791 0.3333272  0.3333249 ]\n",
      " [0.33335349 0.33332426 0.33332225]\n",
      " [0.33332305 0.33332667 0.33335028]\n",
      " [0.3333285  0.33335037 0.33332114]\n",
      " [0.33335277 0.33332191 0.33332531]\n",
      " [0.33332489 0.33332152 0.33335359]\n",
      " [0.33335446 0.33331872 0.33332681]\n",
      " [0.33334587 0.33332257 0.33333156]\n",
      " [0.33332538 0.33335171 0.33332292]\n",
      " [0.33332059 0.33335398 0.33332543]\n",
      " [0.33333031 0.33332054 0.33334915]\n",
      " [0.33332624 0.3333235  0.33335027]\n",
      " [0.33334736 0.33332312 0.33332953]\n",
      " [0.33332355 0.33335619 0.33332026]\n",
      " [0.33332907 0.33334786 0.33332307]\n",
      " [0.33332401 0.3333252  0.3333508 ]\n",
      " [0.33335311 0.33332163 0.33332525]\n",
      " [0.33332089 0.33332408 0.33335503]\n",
      " [0.33331954 0.333323   0.33335746]\n",
      " [0.33332135 0.333352   0.33332665]\n",
      " [0.33332106 0.33335105 0.33332789]\n",
      " [0.33332076 0.33335586 0.33332338]\n",
      " [0.33331946 0.33332867 0.33335187]\n",
      " [0.33332282 0.33335592 0.33332127]\n",
      " [0.33332144 0.33332207 0.33335649]\n",
      " [0.33332869 0.33335243 0.33331888]\n",
      " [0.33332429 0.33335409 0.33332162]\n",
      " [0.3333219  0.33335103 0.33332707]\n",
      " [0.33332171 0.33332359 0.3333547 ]\n",
      " [0.33331856 0.33332752 0.33335392]\n",
      " [0.33334883 0.33332687 0.3333243 ]\n",
      " [0.33335298 0.33332828 0.33331874]\n",
      " [0.33332768 0.33332219 0.33335013]\n",
      " [0.33333097 0.3333502  0.33331883]\n",
      " [0.33333772 0.33334607 0.33331621]\n",
      " [0.33335442 0.33332081 0.33332477]\n",
      " [0.3333224  0.33335063 0.33332697]\n",
      " [0.33333038 0.33335052 0.33331909]\n",
      " [0.33335259 0.33332135 0.33332606]\n",
      " [0.33332408 0.33335245 0.33332347]\n",
      " [0.33332819 0.33332248 0.33334933]\n",
      " [0.333324   0.33332026 0.33335574]\n",
      " [0.3333261  0.33335071 0.33332319]\n",
      " [0.3333518  0.3333229  0.33332531]\n",
      " [0.33335799 0.33331888 0.33332312]\n",
      " [0.33334793 0.33333532 0.33331675]\n",
      " [0.33332353 0.33333222 0.33334426]\n",
      " [0.33334531 0.33332183 0.33333286]\n",
      " [0.3333201  0.33335501 0.33332489]\n",
      " [0.33331685 0.33333184 0.33335132]\n",
      " [0.33332296 0.333352   0.33332504]\n",
      " [0.33332424 0.33334645 0.33332931]\n",
      " [0.33332625 0.33332468 0.33334907]\n",
      " [0.333357   0.3333232  0.3333198 ]\n",
      " [0.333319   0.33332806 0.33335293]\n",
      " [0.33332649 0.33332254 0.33335096]\n",
      " [0.33333004 0.33332251 0.33334745]\n",
      " [0.33332107 0.33335256 0.33332637]\n",
      " [0.33334971 0.33332188 0.33332842]\n",
      " [0.3333261  0.3333194  0.33335451]\n",
      " [0.33333021 0.33331831 0.33335148]\n",
      " [0.33332805 0.33332235 0.3333496 ]\n",
      " [0.33335229 0.33332441 0.3333233 ]\n",
      " [0.33332835 0.33335004 0.33332161]\n",
      " [0.33334711 0.33332817 0.33332473]\n",
      " [0.33332093 0.3333238  0.33335527]\n",
      " [0.33332507 0.33332579 0.33334914]\n",
      " [0.33332344 0.33332206 0.33335449]\n",
      " [0.33335339 0.33332717 0.33331945]\n",
      " [0.33332822 0.33334998 0.3333218 ]\n",
      " [0.33331597 0.33332827 0.33335576]\n",
      " [0.3333256  0.33332389 0.33335051]\n",
      " [0.33331903 0.33332447 0.3333565 ]\n",
      " [0.33332207 0.33332655 0.33335139]\n",
      " [0.33334869 0.33332127 0.33333004]\n",
      " [0.33332991 0.33331984 0.33335024]\n",
      " [0.33331663 0.33332797 0.3333554 ]\n",
      " [0.33335484 0.33332362 0.33332154]\n",
      " [0.33334358 0.33332586 0.33333056]\n",
      " [0.3333548  0.33332466 0.33332054]\n",
      " [0.33335618 0.33332212 0.3333217 ]\n",
      " [0.3333539  0.33332487 0.33332124]\n",
      " [0.33334761 0.33332819 0.3333242 ]\n",
      " [0.33333111 0.33334666 0.33332223]\n",
      " [0.33332568 0.33334687 0.33332745]\n",
      " [0.33335323 0.33332343 0.33332334]\n",
      " [0.33334833 0.33332909 0.33332258]\n",
      " [0.33332629 0.33335351 0.33332019]\n",
      " [0.33335359 0.33332496 0.33332145]\n",
      " [0.33332872 0.33332348 0.3333478 ]\n",
      " [0.3333237  0.33332367 0.33335263]\n",
      " [0.33334826 0.33332517 0.33332657]]\n",
      "[array([[312.47535369, -53.33141943],\n",
      "       [-53.33141943, 180.44973303]]), array([[312.48080879, -53.33557819],\n",
      "       [-53.33557819, 180.44832309]]), array([[312.48186953, -53.33059311],\n",
      "       [-53.33059311, 180.44599145]])]\n",
      "centers [[ 2.41205397  5.08930385]\n",
      " [ 9.93391545 -7.62095816]\n",
      " [-7.3781885  -3.61224795]]\n",
      "pi [0.33333368 0.33333298 0.33333334]\n"
     ]
    },
    {
     "name": "stdout",
     "output_type": "stream",
     "text": [
      "[[0.33333056 0.33332436 0.33334508]\n",
      " [0.33331705 0.33335568 0.33332727]\n",
      " [0.33331979 0.33335455 0.33332567]\n",
      " [0.33332133 0.33335133 0.33332735]\n",
      " [0.33333425 0.33331939 0.33334636]\n",
      " [0.33335131 0.33332435 0.33332434]\n",
      " [0.33332375 0.33335297 0.33332328]\n",
      " [0.33332464 0.33335425 0.33332111]\n",
      " [0.33333016 0.333319   0.33335084]\n",
      " [0.33332392 0.33332206 0.33335402]\n",
      " [0.33332356 0.33335159 0.33332485]\n",
      " [0.33332439 0.33335313 0.33332248]\n",
      " [0.33332592 0.33332325 0.33335083]\n",
      " [0.3333538  0.3333235  0.3333227 ]\n",
      " [0.33332082 0.3333505  0.33332868]\n",
      " [0.33332031 0.33335489 0.3333248 ]\n",
      " [0.33332856 0.33332071 0.33335073]\n",
      " [0.33332212 0.33332343 0.33335445]\n",
      " [0.33335508 0.33332233 0.33332259]\n",
      " [0.33335355 0.33332329 0.33332316]\n",
      " [0.33332408 0.33335316 0.33332276]\n",
      " [0.33332286 0.33335053 0.33332661]\n",
      " [0.33332429 0.33332085 0.33335487]\n",
      " [0.33335839 0.33331862 0.33332298]\n",
      " [0.33331847 0.33332529 0.33335624]\n",
      " [0.33332268 0.33335045 0.33332687]\n",
      " [0.33334942 0.33332198 0.3333286 ]\n",
      " [0.33332234 0.33334875 0.33332891]\n",
      " [0.33332703 0.33334696 0.33332601]\n",
      " [0.33332392 0.33332659 0.33334949]\n",
      " [0.33331652 0.33335294 0.33333054]\n",
      " [0.33332332 0.33332119 0.33335548]\n",
      " [0.3333485  0.33333063 0.33332088]\n",
      " [0.33332274 0.33335712 0.33332014]\n",
      " [0.33335104 0.33332043 0.33332853]\n",
      " [0.33332248 0.3333231  0.33335442]\n",
      " [0.33332434 0.33332547 0.33335019]\n",
      " [0.33335435 0.33332087 0.33332477]\n",
      " [0.33332401 0.33335593 0.33332006]\n",
      " [0.33331963 0.33332394 0.33335643]\n",
      " [0.33332166 0.33335696 0.33332138]\n",
      " [0.33331956 0.33335571 0.33332473]\n",
      " [0.33332905 0.33331828 0.33335268]\n",
      " [0.33335337 0.33332553 0.3333211 ]\n",
      " [0.33332857 0.33335236 0.33331907]\n",
      " [0.33334889 0.33331767 0.33333344]\n",
      " [0.33335621 0.33332171 0.33332207]\n",
      " [0.33335409 0.33332069 0.33332522]\n",
      " [0.33332469 0.33332795 0.33334736]\n",
      " [0.33332241 0.33332295 0.33335464]\n",
      " [0.33332014 0.33332908 0.33335078]\n",
      " [0.33332501 0.3333216  0.33335339]\n",
      " [0.33335068 0.33332706 0.33332227]\n",
      " [0.33333043 0.33331726 0.33335231]\n",
      " [0.33332339 0.33335282 0.33332379]\n",
      " [0.33335181 0.3333221  0.33332609]\n",
      " [0.3333527  0.33332656 0.33332074]\n",
      " [0.33334995 0.33332614 0.33332392]\n",
      " [0.33335246 0.33332132 0.33332622]\n",
      " [0.3333184  0.33332504 0.33335656]\n",
      " [0.33335322 0.33332313 0.33332365]\n",
      " [0.33334857 0.33332587 0.33332556]\n",
      " [0.33332485 0.33332315 0.33335201]\n",
      " [0.33332913 0.3333206  0.33335027]\n",
      " [0.33331982 0.3333574  0.33332278]\n",
      " [0.33332556 0.33332317 0.33335127]\n",
      " [0.33332909 0.33331766 0.33335325]\n",
      " [0.33333078 0.33334836 0.33332086]\n",
      " [0.33332663 0.33332229 0.33335108]\n",
      " [0.33331948 0.33335654 0.33332398]\n",
      " [0.33335411 0.33332372 0.33332217]\n",
      " [0.33332115 0.33335539 0.33332346]\n",
      " [0.33332502 0.33335041 0.33332457]\n",
      " [0.33335036 0.3333265  0.33332314]\n",
      " [0.33331865 0.33335427 0.33332707]\n",
      " [0.33334613 0.33332937 0.3333245 ]\n",
      " [0.33333019 0.33334482 0.33332499]\n",
      " [0.33332056 0.33335053 0.33332891]\n",
      " [0.33332828 0.33332076 0.33335096]\n",
      " [0.33332573 0.33335392 0.33332035]\n",
      " [0.33332817 0.33335313 0.3333187 ]\n",
      " [0.33335196 0.33332732 0.33332071]\n",
      " [0.3333459  0.33332588 0.33332822]\n",
      " [0.33335797 0.33332145 0.33332059]\n",
      " [0.33332518 0.33335203 0.33332278]\n",
      " [0.33333172 0.33334692 0.33332136]\n",
      " [0.33335398 0.33332134 0.33332469]\n",
      " [0.33332427 0.33335195 0.33332378]\n",
      " [0.33332447 0.33331995 0.33335558]\n",
      " [0.33335521 0.33332443 0.33332036]\n",
      " [0.33335304 0.33332276 0.3333242 ]\n",
      " [0.33335773 0.33332202 0.33332025]\n",
      " [0.33332841 0.33335397 0.33331762]\n",
      " [0.33335326 0.33331812 0.33332862]\n",
      " [0.33332248 0.33335393 0.33332359]\n",
      " [0.33335724 0.33332375 0.33331901]\n",
      " [0.33335461 0.3333189  0.33332649]\n",
      " [0.33335189 0.33332435 0.33332376]\n",
      " [0.33333291 0.33334989 0.3333172 ]\n",
      " [0.33331958 0.33335274 0.33332768]\n",
      " [0.33332132 0.33335136 0.33332733]\n",
      " [0.33332592 0.33332158 0.3333525 ]\n",
      " [0.3333324  0.33332147 0.33334613]\n",
      " [0.33335051 0.33332784 0.33332164]\n",
      " [0.33332674 0.33332667 0.33334659]\n",
      " [0.33332248 0.33332125 0.33335627]\n",
      " [0.33331947 0.33332839 0.33335213]\n",
      " [0.33334766 0.33332634 0.333326  ]\n",
      " [0.33334782 0.33332731 0.33332487]\n",
      " [0.33335341 0.33332437 0.33332222]\n",
      " [0.33332297 0.33332678 0.33335024]\n",
      " [0.33332841 0.33335052 0.33332107]\n",
      " [0.33335269 0.33332201 0.3333253 ]\n",
      " [0.33332484 0.3333216  0.33335356]\n",
      " [0.33335439 0.3333188  0.33332681]\n",
      " [0.3333458  0.33332267 0.33333153]\n",
      " [0.33332529 0.33335186 0.33332285]\n",
      " [0.33332049 0.33335413 0.33332538]\n",
      " [0.33333025 0.33332063 0.33334912]\n",
      " [0.33332617 0.3333236  0.33335023]\n",
      " [0.33334728 0.33332322 0.3333295 ]\n",
      " [0.33332347 0.33335634 0.33332019]\n",
      " [0.33332898 0.33334801 0.33332301]\n",
      " [0.33332394 0.3333253  0.33335076]\n",
      " [0.33335303 0.33332173 0.33332524]\n",
      " [0.33332083 0.33332418 0.33335499]\n",
      " [0.33331949 0.33332309 0.33335742]\n",
      " [0.33332126 0.33335215 0.33332659]\n",
      " [0.33332096 0.3333512  0.33332784]\n",
      " [0.33332067 0.33335601 0.33332332]\n",
      " [0.33331938 0.33332878 0.33335184]\n",
      " [0.33332273 0.33335607 0.3333212 ]\n",
      " [0.33332139 0.33332216 0.33335645]\n",
      " [0.33332862 0.33335258 0.3333188 ]\n",
      " [0.33332421 0.33335424 0.33332155]\n",
      " [0.33332181 0.33335118 0.33332701]\n",
      " [0.33332165 0.33332369 0.33335466]\n",
      " [0.33331849 0.33332762 0.33335389]\n",
      " [0.33334875 0.33332698 0.33332427]\n",
      " [0.3333529  0.3333284  0.33331871]\n",
      " [0.33332762 0.33332228 0.3333501 ]\n",
      " [0.33333089 0.33335035 0.33331876]\n",
      " [0.33333765 0.33334622 0.33331613]\n",
      " [0.33335434 0.3333209  0.33332476]\n",
      " [0.33332231 0.33335078 0.33332691]\n",
      " [0.3333303  0.33335068 0.33331902]\n",
      " [0.33335251 0.33332144 0.33332605]\n",
      " [0.33332399 0.3333526  0.33332341]\n",
      " [0.33332813 0.33332258 0.3333493 ]\n",
      " [0.33332395 0.33332034 0.33335571]\n",
      " [0.33332601 0.33335087 0.33332312]\n",
      " [0.33335171 0.333323   0.33332529]\n",
      " [0.33335791 0.33331896 0.33332313]\n",
      " [0.33334785 0.33333545 0.3333167 ]\n",
      " [0.33332344 0.33333234 0.33334422]\n",
      " [0.33334523 0.33332193 0.33333283]\n",
      " [0.33332    0.33335516 0.33332484]\n",
      " [0.33331676 0.33333195 0.33335129]\n",
      " [0.33332286 0.33335215 0.33332498]\n",
      " [0.33332414 0.3333466  0.33332925]\n",
      " [0.33332618 0.33332478 0.33334904]\n",
      " [0.33335692 0.3333233  0.33331978]\n",
      " [0.33331893 0.33332817 0.3333529 ]\n",
      " [0.33332643 0.33332264 0.33335093]\n",
      " [0.33332998 0.33332261 0.33334742]\n",
      " [0.33332098 0.33335271 0.33332632]\n",
      " [0.33334963 0.33332197 0.3333284 ]\n",
      " [0.33332605 0.33331947 0.33335447]\n",
      " [0.33333017 0.33331839 0.33335145]\n",
      " [0.33332798 0.33332245 0.33334957]\n",
      " [0.33335221 0.33332451 0.33332328]\n",
      " [0.33332826 0.33335019 0.33332154]\n",
      " [0.33334703 0.33332829 0.33332469]\n",
      " [0.33332087 0.3333239  0.33335523]\n",
      " [0.33332499 0.3333259  0.3333491 ]\n",
      " [0.33332339 0.33332215 0.33335446]\n",
      " [0.33335331 0.33332728 0.33331941]\n",
      " [0.33332813 0.33335014 0.33332174]\n",
      " [0.3333159  0.33332837 0.33335573]\n",
      " [0.33332554 0.33332399 0.33335047]\n",
      " [0.33331897 0.33332457 0.33335647]\n",
      " [0.33332199 0.33332666 0.33335135]\n",
      " [0.33334861 0.33332137 0.33333002]\n",
      " [0.33332986 0.33331993 0.33335021]\n",
      " [0.33331656 0.33332807 0.33335536]\n",
      " [0.33335475 0.33332373 0.33332152]\n",
      " [0.3333435  0.33332597 0.33333053]\n",
      " [0.33335472 0.33332476 0.33332052]\n",
      " [0.3333561  0.33332222 0.33332169]\n",
      " [0.33335382 0.33332497 0.33332121]\n",
      " [0.33334753 0.33332831 0.33332416]\n",
      " [0.33333103 0.33334681 0.33332216]\n",
      " [0.33332558 0.33334702 0.33332739]\n",
      " [0.33335314 0.33332353 0.33332332]\n",
      " [0.33334825 0.33332921 0.33332254]\n",
      " [0.33332621 0.33335366 0.33332013]\n",
      " [0.33335351 0.33332507 0.33332143]\n",
      " [0.33332865 0.33332358 0.33334777]\n",
      " [0.33332364 0.33332377 0.33335259]\n",
      " [0.33334818 0.33332528 0.33332654]]\n",
      "[array([[312.47535653, -53.33141732],\n",
      "       [-53.33141732, 180.44973117]]), array([[312.48080975, -53.33558332],\n",
      "       [-53.33558332, 180.44832319]]), array([[312.48186573, -53.33059009],\n",
      "       [-53.33059009, 180.44599322]])]\n",
      "centers [[ 2.41205397  5.08930385]\n",
      " [ 9.93391545 -7.62095816]\n",
      " [-7.3781885  -3.61224795]]\n",
      "pi [0.3333336 0.3333331 0.3333333]\n",
      "[[0.33333056 0.33332436 0.33334508]\n",
      " [0.33331705 0.33335568 0.33332727]\n",
      " [0.33331979 0.33335455 0.33332567]\n",
      " [0.33332133 0.33335133 0.33332735]\n",
      " [0.33333425 0.33331939 0.33334636]\n",
      " [0.33335131 0.33332435 0.33332434]\n",
      " [0.33332375 0.33335297 0.33332328]\n",
      " [0.33332464 0.33335425 0.33332111]\n",
      " [0.33333016 0.333319   0.33335084]\n",
      " [0.33332392 0.33332206 0.33335402]\n",
      " [0.33332356 0.33335159 0.33332485]\n",
      " [0.33332439 0.33335313 0.33332248]\n",
      " [0.33332592 0.33332325 0.33335083]\n",
      " [0.3333538  0.3333235  0.3333227 ]\n",
      " [0.33332082 0.3333505  0.33332868]\n",
      " [0.33332031 0.33335489 0.3333248 ]\n",
      " [0.33332856 0.33332071 0.33335073]\n",
      " [0.33332212 0.33332343 0.33335445]\n",
      " [0.33335508 0.33332233 0.33332259]\n",
      " [0.33335355 0.33332329 0.33332316]\n",
      " [0.33332408 0.33335316 0.33332276]\n",
      " [0.33332286 0.33335053 0.33332661]\n",
      " [0.33332429 0.33332085 0.33335487]\n",
      " [0.33335839 0.33331862 0.33332298]\n",
      " [0.33331847 0.33332529 0.33335624]\n",
      " [0.33332268 0.33335045 0.33332687]\n",
      " [0.33334942 0.33332198 0.3333286 ]\n",
      " [0.33332234 0.33334875 0.33332891]\n",
      " [0.33332703 0.33334696 0.33332601]\n",
      " [0.33332392 0.33332659 0.33334949]\n",
      " [0.33331652 0.33335294 0.33333054]\n",
      " [0.33332332 0.33332119 0.33335548]\n",
      " [0.3333485  0.33333063 0.33332088]\n",
      " [0.33332274 0.33335712 0.33332014]\n",
      " [0.33335104 0.33332043 0.33332853]\n",
      " [0.33332248 0.3333231  0.33335442]\n",
      " [0.33332434 0.33332547 0.33335019]\n",
      " [0.33335435 0.33332087 0.33332477]\n",
      " [0.33332401 0.33335593 0.33332006]\n",
      " [0.33331963 0.33332394 0.33335643]\n",
      " [0.33332166 0.33335696 0.33332138]\n",
      " [0.33331956 0.33335571 0.33332473]\n",
      " [0.33332905 0.33331828 0.33335268]\n",
      " [0.33335337 0.33332553 0.3333211 ]\n",
      " [0.33332857 0.33335236 0.33331907]\n",
      " [0.33334889 0.33331767 0.33333344]\n",
      " [0.33335621 0.33332171 0.33332207]\n",
      " [0.33335409 0.33332069 0.33332522]\n",
      " [0.33332469 0.33332795 0.33334736]\n",
      " [0.33332241 0.33332295 0.33335464]\n",
      " [0.33332014 0.33332908 0.33335078]\n",
      " [0.33332501 0.3333216  0.33335339]\n",
      " [0.33335068 0.33332706 0.33332227]\n",
      " [0.33333043 0.33331726 0.33335231]\n",
      " [0.33332339 0.33335282 0.33332379]\n",
      " [0.33335181 0.3333221  0.33332609]\n",
      " [0.3333527  0.33332656 0.33332074]\n",
      " [0.33334995 0.33332614 0.33332392]\n",
      " [0.33335246 0.33332132 0.33332622]\n",
      " [0.3333184  0.33332504 0.33335656]\n",
      " [0.33335322 0.33332313 0.33332365]\n",
      " [0.33334857 0.33332587 0.33332556]\n",
      " [0.33332485 0.33332315 0.33335201]\n",
      " [0.33332913 0.3333206  0.33335027]\n",
      " [0.33331982 0.3333574  0.33332278]\n",
      " [0.33332556 0.33332317 0.33335127]\n",
      " [0.33332909 0.33331766 0.33335325]\n",
      " [0.33333078 0.33334836 0.33332086]\n",
      " [0.33332663 0.33332229 0.33335108]\n",
      " [0.33331948 0.33335654 0.33332398]\n",
      " [0.33335411 0.33332372 0.33332217]\n",
      " [0.33332115 0.33335539 0.33332346]\n",
      " [0.33332502 0.33335041 0.33332457]\n",
      " [0.33335036 0.3333265  0.33332314]\n",
      " [0.33331865 0.33335427 0.33332707]\n",
      " [0.33334613 0.33332937 0.3333245 ]\n",
      " [0.33333019 0.33334482 0.33332499]\n",
      " [0.33332056 0.33335053 0.33332891]\n",
      " [0.33332828 0.33332076 0.33335096]\n",
      " [0.33332573 0.33335392 0.33332035]\n",
      " [0.33332817 0.33335313 0.3333187 ]\n",
      " [0.33335196 0.33332732 0.33332071]\n",
      " [0.3333459  0.33332588 0.33332822]\n",
      " [0.33335797 0.33332145 0.33332059]\n",
      " [0.33332518 0.33335203 0.33332278]\n",
      " [0.33333172 0.33334692 0.33332136]\n",
      " [0.33335398 0.33332134 0.33332469]\n",
      " [0.33332427 0.33335195 0.33332378]\n",
      " [0.33332447 0.33331995 0.33335558]\n",
      " [0.33335521 0.33332443 0.33332036]\n",
      " [0.33335304 0.33332276 0.3333242 ]\n",
      " [0.33335773 0.33332202 0.33332025]\n",
      " [0.33332841 0.33335397 0.33331762]\n",
      " [0.33335326 0.33331812 0.33332862]\n",
      " [0.33332248 0.33335393 0.33332359]\n",
      " [0.33335724 0.33332375 0.33331901]\n",
      " [0.33335461 0.3333189  0.33332649]\n",
      " [0.33335189 0.33332435 0.33332376]\n",
      " [0.33333291 0.33334989 0.3333172 ]\n",
      " [0.33331958 0.33335274 0.33332768]\n",
      " [0.33332132 0.33335136 0.33332733]\n",
      " [0.33332592 0.33332158 0.3333525 ]\n",
      " [0.3333324  0.33332147 0.33334613]\n",
      " [0.33335051 0.33332784 0.33332164]\n",
      " [0.33332674 0.33332667 0.33334659]\n",
      " [0.33332248 0.33332125 0.33335627]\n",
      " [0.33331947 0.33332839 0.33335213]\n",
      " [0.33334766 0.33332634 0.333326  ]\n",
      " [0.33334782 0.33332731 0.33332487]\n",
      " [0.33335341 0.33332437 0.33332222]\n",
      " [0.33332297 0.33332678 0.33335024]\n",
      " [0.33332841 0.33335052 0.33332107]\n",
      " [0.33335269 0.33332201 0.3333253 ]\n",
      " [0.33332484 0.3333216  0.33335356]\n",
      " [0.33335439 0.3333188  0.33332681]\n",
      " [0.3333458  0.33332267 0.33333153]\n",
      " [0.33332529 0.33335186 0.33332285]\n",
      " [0.33332049 0.33335413 0.33332538]\n",
      " [0.33333025 0.33332063 0.33334912]\n",
      " [0.33332617 0.3333236  0.33335023]\n",
      " [0.33334728 0.33332322 0.3333295 ]\n",
      " [0.33332347 0.33335634 0.33332019]\n",
      " [0.33332898 0.33334801 0.33332301]\n",
      " [0.33332394 0.3333253  0.33335076]\n",
      " [0.33335303 0.33332173 0.33332524]\n",
      " [0.33332083 0.33332418 0.33335499]\n",
      " [0.33331949 0.33332309 0.33335742]\n",
      " [0.33332126 0.33335215 0.33332659]\n",
      " [0.33332096 0.3333512  0.33332784]\n",
      " [0.33332067 0.33335601 0.33332332]\n",
      " [0.33331938 0.33332878 0.33335184]\n",
      " [0.33332273 0.33335607 0.3333212 ]\n",
      " [0.33332139 0.33332216 0.33335645]\n",
      " [0.33332862 0.33335258 0.3333188 ]\n",
      " [0.33332421 0.33335424 0.33332155]\n",
      " [0.33332181 0.33335118 0.33332701]\n",
      " [0.33332165 0.33332369 0.33335466]\n",
      " [0.33331849 0.33332762 0.33335389]\n",
      " [0.33334875 0.33332698 0.33332427]\n",
      " [0.3333529  0.3333284  0.33331871]\n",
      " [0.33332762 0.33332228 0.3333501 ]\n",
      " [0.33333089 0.33335035 0.33331876]\n",
      " [0.33333765 0.33334622 0.33331613]\n",
      " [0.33335434 0.3333209  0.33332476]\n",
      " [0.33332231 0.33335078 0.33332691]\n",
      " [0.3333303  0.33335068 0.33331902]\n",
      " [0.33335251 0.33332144 0.33332605]\n",
      " [0.33332399 0.3333526  0.33332341]\n",
      " [0.33332813 0.33332258 0.3333493 ]\n",
      " [0.33332395 0.33332034 0.33335571]\n",
      " [0.33332601 0.33335087 0.33332312]\n",
      " [0.33335171 0.333323   0.33332529]\n",
      " [0.33335791 0.33331896 0.33332313]\n",
      " [0.33334785 0.33333545 0.3333167 ]\n",
      " [0.33332344 0.33333234 0.33334422]\n",
      " [0.33334523 0.33332193 0.33333283]\n",
      " [0.33332    0.33335516 0.33332484]\n",
      " [0.33331676 0.33333195 0.33335129]\n",
      " [0.33332286 0.33335215 0.33332498]\n",
      " [0.33332414 0.3333466  0.33332925]\n",
      " [0.33332618 0.33332478 0.33334904]\n",
      " [0.33335692 0.3333233  0.33331978]\n",
      " [0.33331893 0.33332817 0.3333529 ]\n",
      " [0.33332643 0.33332264 0.33335093]\n",
      " [0.33332998 0.33332261 0.33334742]\n",
      " [0.33332098 0.33335271 0.33332632]\n",
      " [0.33334963 0.33332197 0.3333284 ]\n",
      " [0.33332605 0.33331947 0.33335447]\n",
      " [0.33333017 0.33331839 0.33335145]\n",
      " [0.33332798 0.33332245 0.33334957]\n",
      " [0.33335221 0.33332451 0.33332328]\n",
      " [0.33332826 0.33335019 0.33332154]\n",
      " [0.33334703 0.33332829 0.33332469]\n",
      " [0.33332087 0.3333239  0.33335523]\n",
      " [0.33332499 0.3333259  0.3333491 ]\n",
      " [0.33332339 0.33332215 0.33335446]\n",
      " [0.33335331 0.33332728 0.33331941]\n",
      " [0.33332813 0.33335014 0.33332174]\n",
      " [0.3333159  0.33332837 0.33335573]\n",
      " [0.33332554 0.33332399 0.33335047]\n",
      " [0.33331897 0.33332457 0.33335647]\n",
      " [0.33332199 0.33332666 0.33335135]\n",
      " [0.33334861 0.33332137 0.33333002]\n",
      " [0.33332986 0.33331993 0.33335021]\n",
      " [0.33331656 0.33332807 0.33335536]\n",
      " [0.33335475 0.33332373 0.33332152]\n",
      " [0.3333435  0.33332597 0.33333053]\n",
      " [0.33335472 0.33332476 0.33332052]\n",
      " [0.3333561  0.33332222 0.33332169]\n",
      " [0.33335382 0.33332497 0.33332121]\n",
